38822
99212
35376
79580
91787
11197
91728
28349
41356
15419
19795
91128
36982
49995
77990
63059
11135
34804
97931
21617
30546
27210
64725
22239
12576
94004
10466
24658
85922
93351
25231
86958
83573
10975
34926
14438
47901
22202
55306
59042
83106
13705
52110
48330
39926
16027
95392
33299
48109
24925
90083
96651
66378
99895
17705
69076
85361
82099
51013
52164
18458
76672
67516
52705
96658
51188
87902
50105
30948
51344
17643
46793
53684
64766
69501
68374
95067
67607
83591
40382
46182
44792
41461
43896
93918
19890
98524
51679
73466
13412
86427
37776
83317
52798
26959
44670
24632
17119
36103
37366
65619
84067
70568
14361
68727
28976
48880
95308
10645
29120
82827
77782
70849
14732
80216
31181
49802
53019
22946
66484
26014
18306
57063
73227
12972
64246
14211
65891
77799
41303
71161
30679
82331
73558
16195
62399
25426
34618
75375
70696
65164
11540
86885
22766
73612
86963
36550
52776
82212
80436
26814
47207
88456
38428
54753
79555
62055
75347
26275
71025
83411
71919
12738
58698
78804
87079
67325
33580
38419
69902
75145
71718
38754
45416
48675
81059
20465
65201
29191
28132
17158
54394
33675
16909
36068
64654
46178
19001
77103
29405
33227
10853
82000
77737
94458
38487
11270
44452
86976
48938
97678
99682
65001
65459
80897
46204
61239
53095
88172
30608
92440
67953
35389
86206
94954
90313
17484
45769
70779
11027
83346
91204
28743
69105
44750
82402
35055
99526
61841
47026
98959
23515
14341
71140
67766
56047
68238
18469
11126
47504
32205
54767
64649
56482
13669
82860
29367
67042
75319
74289
94106
78663
47802
69010
97383
97319
71009
62278
42909
28301
70289
47870
98026
62978
23131
19483
89863
57907
48855
67452
78530
46742
56222
57638
11311
11951
91914
87319
64584
91283
65100
54417
80168
99560
70756
89327
59525
18724
54713
66935
71635
32431
78379
76755
82099
93252
69356
52415
29830
38069
14715
66099
97773
41471
16969
82671
81023
56094
94053
77943
48075
55581
77588
58667
31561
87993
42759
37585
51635
22824
63302
19727
13603
66862
86385
43494
14729
18633
98801
10926
65089
85040
24373
94609
57788
10030
45254
33529
79252
73778
59438
22642
33947
66674
59314
43100
57813
23129
98409
56289
10010
43779
65273
19751
89202
23985
17501
25008
58732
16542
83014
61404
32820
37679
77322
55353
64366
48764
25113
54206
19736
82898
83379
47878
81393
62395
29711
94833
29010
86863
82911
97945
35959
68778
85155
76447
17063
54455
33867
76326
20249
88306
86525
54584
26867
89293
23090
55413
67887
28906
74333
40190
21006
19718
37016
44969
46363
63743
44337
10000
76947
99175
81682
67805
30522
54778
25889
19451
57429
23729
57157
39704
43746
39559
95285
49711
46684
13430
84456
40079
21341
35840
19558
84908
16617
80715
54601
71890
57600
70844
60216
41291
50943
47701
28050
69138
38253
67930
74268
59179
58156
97146
61651
60857
73048
12520
37233
71805
50246
51479
37239
51752
63503
92705
77966
55637
45835
76700
25877
89134
41908
35515
73585
46906
44284
82276
54227
23933
35242
75423
72866
52224
27608
61603
27646
22535
39059
36585
28800
63011
98350
62557
26747
85363
28878
23408
13441
40704
20626
73813
57562
47895
37422
55075
40337
13871
12795
81594
31593
50478
12263
68853
90217
73375
77320
93104
29904
80800
95967
89743
99484
55506
97059
10297
17144
56403
74031
79296
78604
76465
15121
15282
16604
98050
36603
46287
97107
27888
21782
94359
43326
85055
78425
92371
24918
13601
13558
55938
87767
89040
71143
33174
49050
19696
33177
51874
51993
89801
41419
50576
81694
58730
12721
65139
87189
75153
67623
27305
94009
96829
71219
99501
51017
78077
39736
53232
84532
79996
54849
59036
39113
35788
19241
58622
72923
83063
33417
42302
24068
26174
30453
83973
91934
31597
26379
71250
14434
92669
80873
10309
69426
19351
62125
89128
94262
55567
87166
92331
12480
81104
10271
40785
44000
30764
40699
90175
18916
38470
39877
42368
32702
10596
30518
72071
23616
41989
75130
40931
39064
69216
36989
68668
94509
91677
15734
60209
83080
58922
30388
30441
62684
42188
12966
64292
79571
94306
48927
85664
75305
32737
88591
45567
61314
23635
94891
56020
85268
35104
18299
58706
13630
18625
72122
46876
34863
71022
63961
31794
13697
30718
13418
13766
99773
83675
54545
60645
35702
83604
42303
90015
48198
20010
18265
31569
49642
14817
49174
79334
53192
17763
36199
99962
62115
82397
75566
17095
30327
27573
55917
51307
61074
42154
10320
35098
12227
15748
33937
95080
85177
81557
10546
97660
35342
68848
91201
95498
60753
18559
21700
57174
18154
43586
21198
57340
17371
47658
14074
74155
22232
90463
52691
38724
69444
27704
87516
50705
64203
76982
81844
17325
16653
65461
24180
81728
75342
76249
87451
12115
86784
32477
47779
38661
85771
42149
82253
27822
71464
95289
46249
65704
17999
17838
39917
59145
75845
70464
28408
73068
61895
56395
26325
97875
87189
45710
87406
88516
80096
42564
86909
22005
50296
85194
61726
13645
67859
81672
43576
85931
24539
26747
53292
61001
32991
17560
33660
61672
90092
70073
25077
72177
31018
26525
52933
55538
79784
81808
15174
40119
71701
64574
43284
23053
30567
37013
27787
94911
14118
32558
17387
23963
50091
49490
65948
82127
91721
16697
32200
94750
25759
63290
19589
41290
67152
44841
81415
36064
86218
23525
75735
18577
54889
72695
96182
71953
82124
25218
98945
15701
92603
14598
12585
97711
22996
34521
64545
36680
26180
25229
73942
84589
30760
13927
65119
58749
25908
98966
84698
32747
63382
74755
79903
35151
66259
36876
59086
45073
26728
99987
51569
62137
44012
21360
70035
97685
30740
47097
12341
83163
95773
21553
27420
25896
40049
28369
11144
55981
50789
49519
61671
56936
44570
91943
31627
58108
70993
86945
35746
23993
47679
21411
82163
52738
25727
19164
29727
41577
82707
34293
25116
47732
28075
68944
60100
41594
97505
91980
60248
12091
49301
81437
54482
59799
35572
59869
70869
85787
79923
35398
93696
25962
79411
54692
93716
50556
33593
81504
42307
31048
89498
14309
79005
57833
92474
97772
65997
13065
50436
87646
12310
20526
36062
90487
23367
42021
63251
77678
43256
91166
33953
87994
45611
41096
87987
41937
32443
32651
64421
61251
90601
13466
40598
21242
23163
58527
32407
49079
63269
36191
40810
83020
90775
14904
25317
50956
53120
44744
64095
70850
10066
31873